-0 -0 -0
1.04991 0.0605612 0.0490365
2.95635 -0.110513 0.0579149
3.92981 -0.236534 0.0844659
4.90618 -0.413415 0.113192
5.87164 -0.631876 0.13923
6.84398 -0.884707 0.174654
7.77566 -1.19001 0.207475
8.69627 -1.53797 0.240556
9.59845 -1.93703 0.277912
10.4984 -2.36946 0.300666
11.3742 -2.8532 0.329804
12.2127 -3.37889 0.357999
13.0029 -3.91121 0.384366
13.6111 -4.40542 0.417725
14.3502 -5.01055 0.4455
15.0667 -5.64538 0.476063
15.7555 -6.33066 0.500479
16.4104 -7.04414 0.536233
17.0202 -7.77308 0.566019
17.6042 -8.54378 0.592802
18.1508 -9.3273 0.621397
18.704 -10.2192 0.644061
19.187 -11.0775 0.673539
19.6409 -11.9586 0.705967
20.0777 -12.8796 0.733713
20.3196 -13.6417 0.744697
20.6746 -14.589 0.769001
21.0056 -15.5567 0.786275
21.3079 -16.5432 0.799978
21.4865 -17.3418 0.814107
21.7151 -18.3431 0.833976
21.9114 -19.3668 0.856108
21.9114 -19.3668 0.856108
22.2107 -21.3048 0.862794
22.2107 -21.3048 0.862794
22.4249 -23.4509 0.881419
22.4249 -23.4509 0.881419
22.5401 -25.7265 0.888019
22.5401 -25.7265 0.888019
22.5715 -27.995 0.897762
22.5715 -27.995 0.897762
22.558 -27.8984 0.898709
22.5089 -31.3624 0.888666
22.5089 -31.3624 0.888666
22.5089 -31.3624 0.888666
22.5015 -31.4127 0.894365
22.2305 -36.2861 0.872456
22.2305 -36.2861 0.872456
22.2305 -36.2861 0.872456
22.2045 -36.3982 0.880146
21.8241 -41.5601 0.864693
21.8241 -41.5601 0.864693
21.8241 -41.5601 0.864693
21.8164 -41.3685 0.861099
21.3382 -46.749 0.829545
21.3382 -46.749 0.829545
21.3382 -46.749 0.829545
21.2486 -46.9534 0.863454
20.6194 -52.8146 0.825521
20.6194 -52.8146 0.825521
20.6194 -52.8146 0.825521
20.611 -52.9426 0.84322
19.9996 -59.0966 0.848866
19.9996 -59.0966 0.848866
19.9996 -59.0966 0.848866
20.0077 -59.347 0.844785
19.3102 -65.9049 0.833638
19.3102 -65.9049 0.833638
19.3102 -65.9049 0.833638
19.3397 -65.9453 0.860293
18.7106 -72.7348 0.870823
18.7106 -72.7348 0.870823
18.7106 -72.7348 0.870823
18.7233 -72.8319 0.881415
18.1079 -79.8894 0.910407
18.1079 -79.8894 0.910407
18.1079 -79.8894 0.910407
18.0301 -79.9676 0.880883
17.2772 -87.2682 0.880318
17.2772 -87.2682 0.880318
17.2772 -87.2682 0.880318
17.3292 -87.3461 0.917799
16.5581 -94.9264 0.943426
16.5581 -94.9264 0.943426
16.5581 -94.9264 0.943426
16.4843 -95.0269 0.906775
15.5859 -102.779 0.949731
15.5859 -102.779 0.949731
15.5859 -102.779 0.949731
15.6315 -102.639 0.948019
14.6226 -110.5 0.968511
14.6226 -110.5 0.968511
14.6226 -110.5 0.968511
14.6247 -110.448 0.988248
13.404 -118.479 1.03505
13.404 -118.479 1.03505
13.404 -118.479 1.03505
13.4001 -118.527 1.02141
11.9585 -126.671 1.07565
11.9585 -126.671 1.07565
11.9585 -126.671 1.07565
11.9931 -126.656 1.06292
10.3734 -134.94 1.08498
10.3734 -134.94 1.08498
10.3734 -134.94 1.08498
10.3502 -135.038 1.09496
8.55819 -143.112 1.15099
8.55819 -143.112 1.15099
8.55819 -143.112 1.15099
8.50078 -143.227 1.13692
6.55152 -151.469 1.15612
6.55152 -151.469 1.15612
6.55152 -151.469 1.15612
6.65667 -151.529 1.16374
4.57063 -159.676 1.1908
4.57063 -159.676 1.1908
4.57063 -159.676 1.1908
4.45538 -160.06 1.21048
2.16778 -168.589 1.27454
2.16778 -168.589 1.27454
2.16778 -168.589 1.27454
2.14926 -168.67 1.27947
-0.341655 -177.368 1.30842
-0.341655 -177.368 1.30842
-0.341655 -177.368 1.30842
-0.347409 -177.437 1.30432
-2.97491 -186.226 1.34145
-2.97491 -186.226 1.34145
-2.97491 -186.226 1.34145
-3.07892 -186.487 1.33474
-5.90524 -195.427 1.42176
-5.90524 -195.427 1.42176
-5.90524 -195.427 1.42176
-5.92356 -195.535 1.4196
-8.82448 -204.498 1.4554
-8.82448 -204.498 1.4554
-8.82448 -204.498 1.4554
-8.88117 -204.605 1.49395
-11.9425 -213.504 1.54978
-11.9425 -213.504 1.54978
-11.9425 -213.504 1.54978
-12.0546 -213.919 1.52072
-15.255 -222.936 1.60874
-15.255 -222.936 1.60874
-15.255 -222.936 1.60874
-15.1887 -222.793 1.60261
-18.5797 -231.815 1.568
-18.5797 -231.815 1.568
-18.5797 -231.815 1.568
-18.5807 -231.915 1.65513
-22.0755 -240.979 1.73034
-22.0755 -240.979 1.73034
-22.0755 -240.979 1.73034
-22.216 -241.421 1.72443
-25.8105 -250.535 1.84554
-25.8105 -250.535 1.84554
-25.8105 -250.535 1.84554
-25.78 -250.096 1.81508
-29.646 -259.003 1.83479
-29.646 -259.003 1.83479
-29.646 -259.003 1.83479
-29.538 -258.864 1.84466
-33.5432 -267.762 1.90004
-33.5432 -267.762 1.90004
-33.5432 -267.762 1.90004
-33.1781 -267.542 1.90831
-37.181 -276.538 1.92756
-37.181 -276.538 1.92756
-37.181 -276.538 1.92756
-37.1834 -276.451 1.97583
-41.4572 -285.543 2.07288
-41.4572 -285.543 2.07288
-41.4572 -285.543 2.07288
-41.6349 -285.725 2.07095
-46.0286 -294.773 2.13365
-46.0286 -294.773 2.13365
-46.0286 -294.773 2.13365
-46.1732 -294.9 2.1457
-50.6726 -304.126 2.20472
-50.6726 -304.126 2.20472
-50.6726 -304.126 2.20472
-50.8078 -304.222 2.16913
-55.6868 -313.664 2.18452
-55.6868 -313.664 2.18452
-55.6868 -313.664 2.18452
-55.9481 -313.823 2.18788
-61.0867 -323.252 2.23558
-61.0867 -323.252 2.23558
-61.0867 -323.252 2.23558
-60.9998 -322.993 2.22642
-66.5491 -332.435 2.30011
-66.5491 -332.435 2.30011
-66.5491 -332.435 2.30011
-66.2291 -332.229 2.29596
-71.7221 -341.464 2.35662
-71.7221 -341.464 2.35662
-71.7221 -341.464 2.35662
-71.8144 -341.478 2.43187
-77.4757 -350.96 2.42195
-77.4757 -350.96 2.42195
-77.4757 -350.96 2.42195
-77.7964 -351.252 2.43186
-83.7478 -360.696 2.43238
-83.7478 -360.696 2.43238
-83.7478 -360.696 2.43238
-83.7538 -360.692 2.39664
-89.8331 -370.011 2.35878
-89.8331 -370.011 2.35878
-89.8331 -370.011 2.35878
-89.7033 -369.681 2.40112
-95.9105 -378.821 2.35453
-95.9105 -378.821 2.35453
-95.9105 -378.821 2.35453
